-4.886271e+00 2.821090e+00
-4.784839e+00 2.989900e+00
-4.784839e+00 2.989900e+00
-4.784839e+00 2.989900e+00
-4.677579e+00 3.155067e+00
-4.981749e+00 2.648843e+00
-4.784839e+00 2.989900e+00
-4.784839e+00 2.989900e+00
-4.677579e+00 3.155067e+00
-4.886271e+00 2.821090e+00
-4.784839e+00 2.989900e+00
-4.784839e+00 2.989900e+00
-4.784839e+00 2.989900e+00
-4.886271e+00 2.821090e+00
-4.784839e+00 2.989900e+00
-4.784839e+00 2.989900e+00
-4.886271e+00 2.821090e+00
-4.784839e+00 2.989900e+00
-4.784839e+00 2.989900e+00
-4.784839e+00 2.989900e+00
-4.784839e+00 2.989900e+00
-4.886271e+00 2.821090e+00
-4.784839e+00 2.989900e+00
-4.500000e+00 2.598076e+00
-2.686113e+00 1.085260e+00
-3.256356e+00 2.034797e+00
-3.390364e+00 1.802689e+00
-3.501714e+00 2.188114e+00
4.446098e+00 3.473672e+00
-3.096267e+00 1.787630e+00
-4.886271e+00 2.821090e+00
-3.851806e+00 2.223841e+00
-4.239035e+00 2.253935e+00
-4.886271e+00 2.821090e+00
-4.886271e+00 2.821090e+00
-4.784839e+00 2.989900e+00
-4.784839e+00 2.989900e+00
-4.784839e+00 2.989900e+00
-4.784839e+00 2.989900e+00
-4.784839e+00 2.989900e+00
-4.677579e+00 3.155067e+00
-4.677579e+00 3.155067e+00
1.364967e+00 5.474583e+00
-4.564619e+00 3.316390e+00
-4.564619e+00 3.316390e+00
1.364967e+00 5.474583e+00
-4.564619e+00 3.316390e+00
5.154387e+00 -2.294881e+00
5.301914e+00 -1.929739e+00
5.231338e+00 -2.113598e+00
5.231338e+00 -2.113598e+00
-4.677579e+00 3.155067e+00
5.231338e+00 -2.113598e+00
-4.677579e+00 3.155067e+00
5.154387e+00 -2.294881e+00
-4.677579e+00 3.155067e+00
5.231338e+00 -2.113598e+00
5.231338e+00 -2.113598e+00
5.154387e+00 -2.294881e+00
5.231338e+00 -2.113598e+00
5.154387e+00 -2.294881e+00
5.231338e+00 -2.113598e+00
-4.564619e+00 3.316390e+00
-4.677579e+00 3.155067e+00
-4.677579e+00 3.155067e+00
-4.677579e+00 3.155067e+00
3.454838e-16 -5.642179e+00
3.454838e-16 -5.642179e+00
-3.935785e-01 -5.628435e+00
3.454838e-16 -5.642179e+00
3.454838e-16 -5.642179e+00
-1.969092e-01 -5.638742e+00
-1.969092e-01 -5.638742e+00
3.454838e-16 -5.642179e+00
3.454838e-16 -5.642179e+00
3.454838e-16 -5.642179e+00
-1.969092e-01 -5.638742e+00
3.454838e-16 -5.642179e+00
1.969092e-01 -5.638742e+00
-1.969092e-01 -5.638742e+00
3.454838e-16 -5.642179e+00
-1.675526e-01 -4.798079e+00
-3.349011e-01 -4.789309e+00
2.939767e-16 -4.801004e+00
1.969092e-01 -5.638742e+00
-3.935785e-01 -5.628435e+00
-2.324172e-01 -3.323721e+00
-1.340080e-01 -3.837486e+00
-3.935785e-01 -5.628435e+00
-7.022405e-01 1.738106e+00
-3.601136e-01 1.694201e+00
-7.592811e-01 1.556757e+00
-5.923963e-01 1.627595e+00
-7.044885e-01 1.582307e+00
-5.923963e-01 1.627595e+00
-5.923963e-01 1.627595e+00
-6.488377e-01 1.605930e+00
-3.007675e-01 1.705737e+00
5.301914e+00 1.929739e+00
1.555195e+00 5.423611e+00
-7.022405e-01 1.738106e+00
1.743529e+00 5.366031e+00
-4.322160e+00 -3.626723e+00
-4.564619e+00 -3.316390e+00
-4.564619e+00 -3.316390e+00
-4.446098e+00 -3.473672e+00
3.454838e-16 -5.642179e+00
7.852396e-01 -5.587270e+00
5.897683e-01 -5.611271e+00
1.969092e-01 -5.638742e+00
1.173075e+00 5.518884e+00
5.231338e+00 -2.113598e+00
4.981749e+00 -2.648843e+00
5.231338e+00 -2.113598e+00
3.454838e-16 -5.642179e+00
-3.314924e+00 -1.339316e+00
1.555195e+00 5.423611e+00
1.555195e+00 5.423611e+00
1.555195e+00 5.423611e+00
5.071157e+00 -2.473369e+00
5.071157e+00 -2.473369e+00
1.555195e+00 5.423611e+00
1.555195e+00 5.423611e+00
4.981749e+00 -2.648843e+00
4.886271e+00 -2.821090e+00
4.784839e+00 -2.989900e+00
1.743529e+00 5.366031e+00
4.784839e+00 -2.989900e+00
4.886271e+00 -2.821090e+00
4.886271e+00 -2.821090e+00
4.677579e+00 -3.155067e+00
4.784839e+00 -2.989900e+00
1.929739e+00 5.301914e+00
1.929739e+00 5.301914e+00
-4.564619e+00 -3.316390e+00
1.929739e+00 5.301914e+00
1.929739e+00 5.301914e+00
4.886271e+00 -2.821090e+00
4.886271e+00 -2.821090e+00
1.743529e+00 5.366031e+00
4.886271e+00 -2.821090e+00
4.784839e+00 -2.989900e+00
4.784839e+00 -2.989900e+00
4.784839e+00 -2.989900e+00
1.929739e+00 5.301914e+00
4.886271e+00 -2.821090e+00
4.886271e+00 -2.821090e+00
4.886271e+00 -2.821090e+00
1.743529e+00 5.366031e+00
-4.677579e+00 -3.155067e+00
1.743529e+00 5.366031e+00
1.743529e+00 5.366031e+00
-4.677579e+00 3.155067e+00
-4.784839e+00 2.989900e+00
3.299412e+00 -4.637022e-01
-4.677579e+00 3.155067e+00
-4.564619e+00 3.316390e+00
-4.784839e+00 2.989900e+00
-4.784839e+00 2.989900e+00
-4.564619e+00 3.316390e+00
-4.677579e+00 3.155067e+00
1.743529e+00 5.366031e+00
-4.564619e+00 3.316390e+00
-4.564619e+00 3.316390e+00
-4.784839e+00 2.989900e+00
-4.784839e+00 2.989900e+00
4.564619e+00 3.316390e+00
4.058644e+00 3.919387e+00
3.316390e+00 4.564619e+00
4.784839e+00 2.989900e+00
3.737799e+00 3.609551e+00
3.980484e+00 3.340022e+00
4.157791e+00 2.400502e+00
-2.023526e+00 -2.478104e-16
2.989900e+00 -4.784839e+00
2.989900e+00 -4.784839e+00
3.919387e+00 -4.058644e+00
3.316390e+00 -4.564619e+00
3.473672e+00 -4.446098e+00
3.316390e+00 -4.564619e+00
3.316390e+00 -4.564619e+00
3.316390e+00 -4.564619e+00
2.989900e+00 -4.784839e+00
3.316390e+00 -4.564619e+00
3.316390e+00 -4.564619e+00
3.316390e+00 -4.564619e+00
3.473672e+00 -4.446098e+00
3.316390e+00 -4.564619e+00
3.473672e+00 -4.446098e+00
3.316390e+00 -4.564619e+00
3.626723e+00 -4.322160e+00
3.626723e+00 -4.322160e+00
3.626723e+00 -4.322160e+00
3.316390e+00 -4.564619e+00
3.155067e+00 -4.677579e+00
3.316390e+00 -4.564619e+00
3.155067e+00 -4.677579e+00
5.231338e+00 2.113598e+00
5.154387e+00 2.294881e+00
2.473369e+00 5.071157e+00
2.294881e+00 5.154387e+00
2.113598e+00 5.231338e+00
2.113598e+00 5.231338e+00
2.113598e+00 5.231338e+00
1.929739e+00 5.301914e+00
-4.677579e+00 3.155067e+00
1.555195e+00 5.423611e+00
1.743529e+00 5.366031e+00
-4.677579e+00 3.155067e+00
-4.677579e+00 3.155067e+00
-4.677579e+00 3.155067e+00
-4.677579e+00 3.155067e+00
-4.677579e+00 3.155067e+00
-4.677579e+00 3.155067e+00
-4.784839e+00 2.989900e+00
-4.677579e+00 3.155067e+00
-4.677579e+00 3.155067e+00
-4.677579e+00 3.155067e+00
-4.677579e+00 3.155067e+00
-4.677579e+00 3.155067e+00
-4.784839e+00 2.989900e+00
1.364967e+00 5.474583e+00
5.231338e+00 -2.113598e+00
3.454838e-16 -5.642179e+00
1.969092e-01 -5.638742e+00
1.969092e-01 -5.638742e+00
5.897683e-01 -5.611271e+00
1.969092e-01 -5.638742e+00
-1.969092e-01 -5.638742e+00
3.454838e-16 -5.642179e+00
7.852396e-01 -5.587270e+00
9.797542e-01 -5.556462e+00
9.797542e-01 -5.556462e+00
9.797542e-01 -5.556462e+00
7.852396e-01 -5.587270e+00
1.173075e+00 -5.518884e+00
1.173075e+00 -5.518884e+00
9.797542e-01 -5.556462e+00
9.797542e-01 -5.556462e+00
1.364967e+00 -5.474583e+00
1.173075e+00 -5.518884e+00
1.173075e+00 -5.518884e+00
1.555195e+00 -5.423611e+00
1.364967e+00 -5.474583e+00
1.555195e+00 -5.423611e+00
1.555195e+00 -5.423611e+00
1.364967e+00 -5.474583e+00
1.555195e+00 5.423611e+00
1.364967e+00 5.474583e+00
1.364967e+00 5.474583e+00
-2.343776e+00 -1.702853e+00
1.364967e+00 5.474583e+00
1.364967e+00 5.474583e+00
1.364967e+00 5.474583e+00
-2.343776e+00 -1.702853e+00
-2.575481e+00 -1.737184e+00
1.364967e+00 5.474583e+00
1.173075e+00 5.518884e+00
-2.401777e+00 -1.620019e+00
-2.343776e+00 -1.702853e+00
-2.290758e+00 -1.431424e+00
-2.290758e+00 -1.431424e+00
-2.290758e+00 -1.431424e+00
-2.222643e+00 -1.181800e+00
-2.069503e+00 -1.100374e+00
-2.106645e+00 -1.027479e+00
-2.833758e+00 6.023340e-01
-2.986247e+00 8.562925e-01
-2.185327e+00 -1.587733e+00
-2.086935e+00 -1.407656e+00
-2.086935e+00 -1.407656e+00
-1.987703e+00 -1.242055e+00
-2.086935e+00 -1.407656e+00
-1.983659e+00 -1.549804e+00
-1.887613e+00 -1.089814e+00
-1.983659e+00 -1.549804e+00
-2.036538e+00 -1.479631e+00
5.154387e+00 -2.294881e+00
5.231338e+00 -2.113598e+00
5.231338e+00 -2.113598e+00
5.231338e+00 -2.113598e+00
5.231338e+00 -2.113598e+00
5.366031e+00 -1.743529e+00
5.366031e+00 -1.743529e+00
5.231338e+00 -2.113598e+00
5.301914e+00 -1.929739e+00
-1.876420e+00 -1.943089e+00
-2.069249e+00 -1.736306e+00
-2.128584e+00 -1.663032e+00
5.231338e+00 -2.113598e+00
-2.007392e+00 -1.807464e+00
5.231338e+00 -2.113598e+00
5.231338e+00 -2.113598e+00
5.231338e+00 -2.113598e+00
5.154387e+00 -2.294881e+00
5.231338e+00 -2.113598e+00
5.154387e+00 -2.294881e+00
5.366031e+00 -1.743529e+00
5.366031e+00 -1.743529e+00
5.366031e+00 -1.743529e+00
5.518884e+00 -1.173075e+00
4.789309e+00 -3.349011e-01
-1.896220e+00 -1.377685e+00
-1.943145e+00 -1.310668e+00
-1.717570e+00 -1.341913e+00
-1.896220e+00 -1.377685e+00
-2.036538e+00 -1.479631e+00
-2.262533e+00 -1.103511e+00
